0 0
0.001 0.003
0.002 0.003
0.003 0.005
0.004 0.001
0.005 0.008
0.006 0.007
0.007 0.007
0.008 0.007
0.009 0.006
0.01 0.008
0.011 0.007
0.012 0.012
0.013 0.016
0.014 0.012
0.015 0.019
0.016 0.012
0.017 0.011
0.018 0.017
0.019 0.031
0.02 0.023
0.021 0.017
0.022 0.026
0.023 0.017
0.024 0.02
0.025 0.028
0.026 0.041
0.027 0.024
0.028 0.031
0.029 0.03
0.03 0.025
0.031 0.042
0.032 0.03
0.033 0.037
0.034 0.032
0.035 0.033
0.036 0.031
0.037 0.039
0.038 0.038
0.039 0.032
0.04 0.038
0.041 0.046
0.042 0.045
0.043 0.051
0.044 0.041
0.045 0.038
0.046 0.046
0.047 0.041
0.048 0.049
0.049 0.052
0.05 0.041
0.051 0.042
0.052 0.048
0.053 0.06
0.054 0.056
0.055 0.053
0.056 0.052
0.057 0.056
0.058 0.073
0.059 0.056
0.06 0.062
0.061 0.065
0.062 0.079
0.063 0.052
0.064 0.066
0.065 0.073
0.066 0.058
0.067 0.063
0.068 0.059
0.069 0.058
0.07 0.081
0.071 0.065
0.072 0.083
0.073 0.059
0.074 0.084
0.075 0.079
0.076 0.061
0.077 0.076
0.078 0.086
0.079 0.071
0.08 0.085
0.081 0.073
0.082 0.088
0.083 0.098
0.084 0.098
0.085 0.089
0.086 0.09
0.087 0.104
0.088 0.075
0.089 0.09
0.09 0.089
0.091 0.107
0.092 0.093
0.093 0.104
0.094 0.081
0.095 0.1
0.096 0.111
0.097 0.114
0.098 0.124
0.099 0.096
0.1 0.102
0.101 0.092
0.102 0.085
0.103 0.108
0.104 0.106
0.105 0.111
0.106 0.107
0.107 0.113
0.108 0.106
0.109 0.133
0.11 0.122
0.111 0.104
0.112 0.108
0.113 0.112
0.114 0.114
0.115 0.127
0.116 0.124
0.117 0.136
0.118 0.136
0.119 0.119
0.12 0.14
0.121 0.127
0.122 0.114
0.123 0.13
0.124 0.113
0.125 0.122
0.126 0.116
0.127 0.127
0.128 0.127
0.129 0.118
0.13 0.143
0.131 0.136
0.132 0.121
0.133 0.153
0.134 0.137
0.135 0.158
0.136 0.13
0.137 0.14
0.138 0.159
0.139 0.154
0.14 0.115
0.141 0.125
0.142 0.134
0.143 0.158
0.144 0.128
0.145 0.152
0.146 0.133
0.147 0.165
0.148 0.144
0.149 0.136
0.15 0.165
0.151 0.182
0.152 0.133
0.153 0.144
0.154 0.165
0.155 0.163
0.156 0.166
0.157 0.146
0.158 0.173
0.159 0.154
0.16 0.155
0.161 0.161
0.162 0.134
0.163 0.147
0.164 0.157
0.165 0.163
0.166 0.166
0.167 0.161
0.168 0.195
0.169 0.152
0.17 0.179
0.171 0.161
0.172 0.205
0.173 0.176
0.174 0.193
0.175 0.158
0.176 0.188
0.177 0.192
0.178 0.176
0.179 0.161
0.18 0.204
0.181 0.19
0.182 0.22
0.183 0.138
0.184 0.189
0.185 0.182
0.186 0.173
0.187 0.223
0.188 0.19
0.189 0.188
0.19 0.172
0.191 0.203
0.192 0.225
0.193 0.227
0.194 0.17
0.195 0.212
0.196 0.198
0.197 0.196
0.198 0.225
0.199 0.202
0.2 0.201
0.201 0.214
0.202 0.214
0.203 0.215
0.204 0.235
0.205 0.211
0.206 0.226
0.207 0.228
0.208 0.209
0.209 0.221
0.21 0.2
0.211 0.251
0.212 0.212
0.213 0.222
0.214 0.202
0.215 0.231
0.216 0.249
0.217 0.198
0.218 0.222
0.219 0.225
0.22 0.251
0.221 0.223
0.222 0.232
0.223 0.225
0.224 0.232
0.225 0.247
0.226 0.237
0.227 0.229
0.228 0.226
0.229 0.249
0.23 0.243
0.231 0.254
0.232 0.252
0.233 0.243
0.234 0.244
0.235 0.237
0.236 0.256
0.237 0.225
0.238 0.253
0.239 0.264
0.24 0.267
0.241 0.241
0.242 0.253
0.243 0.247
0.244 0.233
0.245 0.235
0.246 0.256
0.247 0.267
0.248 0.304
0.249 0.247
0.25 0.262
0.251 0.245
0.252 0.276
0.253 0.246
0.254 0.243
0.255 0.242
0.256 0.256
0.257 0.251
0.258 0.259
0.259 0.286
0.26 0.284
0.261 0.265
0.262 0.294
0.263 0.266
0.264 0.295
0.265 0.28
0.266 0.281
0.267 0.256
0.268 0.261
0.269 0.288
0.27 0.257
0.271 0.281
0.272 0.279
0.273 0.276
0.274 0.264
0.275 0.284
0.276 0.266
0.277 0.262
0.278 0.278
0.279 0.295
0.28 0.273
0.281 0.282
0.282 0.31
0.283 0.292
0.284 0.292
0.285 0.297
0.286 0.299
0.287 0.304
0.288 0.3
0.289 0.318
0.29 0.31
0.291 0.336
0.292 0.293
0.293 0.275
0.294 0.287
0.295 0.303
0.296 0.303
0.297 0.286
0.298 0.309
0.299 0.338
0.3 0.32
0.301 0.329
0.302 0.253
0.303 0.329
0.304 0.318
0.305 0.298
0.306 0.301
0.307 0.31
0.308 0.333
0.309 0.3
0.31 0.323
0.311 0.335
0.312 0.318
0.313 0.328
0.314 0.324
0.315 0.316
0.316 0.313
0.317 0.326
0.318 0.329
0.319 0.298
0.32 0.381
0.321 0.342
0.322 0.309
0.323 0.347
0.324 0.322
0.325 0.321
0.326 0.334
0.327 0.37
0.328 0.338
0.329 0.337
0.33 0.361
0.331 0.323
0.332 0.342
0.333 0.348
0.334 0.345
0.335 0.335
0.336 0.37
0.337 0.338
0.338 0.327
0.339 0.357
0.34 0.378
0.341 0.385
0.342 0.364
0.343 0.407
0.344 0.377
0.345 0.372
0.346 0.365
0.347 0.369
0.348 0.39
0.349 0.338
0.35 0.396
0.351 0.371
0.352 0.377
0.353 0.398
0.354 0.379
0.355 0.365
0.356 0.373
0.357 0.38
0.358 0.389
0.359 0.384
0.36 0.414
0.361 0.352
0.362 0.356
0.363 0.388
0.364 0.376
0.365 0.394
0.366 0.419
0.367 0.387
0.368 0.43
0.369 0.412
0.37 0.434
0.371 0.382
0.372 0.414
0.373 0.382
0.374 0.396
0.375 0.402
0.376 0.405
0.377 0.402
0.378 0.455
0.379 0.421
0.38 0.408
0.381 0.41
0.382 0.377
0.383 0.415
0.384 0.417
0.385 0.44
0.386 0.423
0.387 0.437
0.388 0.436
0.389 0.398
0.39 0.397
0.391 0.402
0.392 0.429
0.393 0.415
0.394 0.395
0.395 0.416
0.396 0.433
0.397 0.424
0.398 0.433
0.399 0.425
0.4 0.452
0.401 0.441
0.402 0.426
0.403 0.464
0.404 0.447
0.405 0.449
0.406 0.499
0.407 0.44
0.408 0.455
0.409 0.42
0.41 0.446
0.411 0.444
0.412 0.441
0.413 0.451
0.414 0.432
0.415 0.447
0.416 0.457
0.417 0.496
0.418 0.5
0.419 0.418
0.42 0.468
0.421 0.461
0.422 0.451
0.423 0.47
0.424 0.51
0.425 0.493
0.426 0.488
0.427 0.486
0.428 0.455
0.429 0.482
0.43 0.478
0.431 0.475
0.432 0.474
0.433 0.502
0.434 0.488
0.435 0.481
0.436 0.479
0.437 0.495
0.438 0.493
0.439 0.485
0.44 0.497
0.441 0.502
0.442 0.499
0.443 0.466
0.444 0.482
0.445 0.494
0.446 0.469
0.447 0.536
0.448 0.488
0.449 0.494
0.45 0.495
0.451 0.517
0.452 0.494
0.453 0.527
0.454 0.479
0.455 0.501
0.456 0.495
0.457 0.486
0.458 0.516
0.459 0.531
0.46 0.536
0.461 0.523
0.462 0.51
0.463 0.55
0.464 0.519
0.465 0.549
0.466 0.539
0.467 0.53
0.468 0.49
0.469 0.496
0.47 0.564
0.471 0.511
0.472 0.545
0.473 0.505
0.474 0.591
0.475 0.513
0.476 0.533
0.477 0.599
0.478 0.574
0.479 0.518
0.48 0.539
0.481 0.555
0.482 0.548
0.483 0.56
0.484 0.559
0.485 0.584
0.486 0.538
0.487 0.57
0.488 0.565
0.489 0.575
0.49 0.553
0.491 0.562
0.492 0.608
0.493 0.553
0.494 0.601
0.495 0.557
0.496 0.547
0.497 0.634
0.498 0.535
0.499 0.563
0.5 0.618
0.501 0.586
0.502 0.586
0.503 0.575
0.504 0.587
0.505 0.606
0.506 0.595
0.507 0.576
0.508 0.611
0.509 0.618
0.51 0.578
0.511 0.621
0.512 0.575
0.513 0.61
0.514 0.624
0.515 0.571
0.516 0.615
0.517 0.68
0.518 0.591
0.519 0.658
0.52 0.624
0.521 0.628
0.522 0.637
0.523 0.57
0.524 0.62
0.525 0.621
0.526 0.574
0.527 0.643
0.528 0.616
0.529 0.618
0.53 0.594
0.531 0.618
0.532 0.639
0.533 0.667
0.534 0.604
0.535 0.624
0.536 0.649
0.537 0.61
0.538 0.641
0.539 0.655
0.54 0.619
0.541 0.604
0.542 0.614
0.543 0.65
0.544 0.676
0.545 0.69
0.546 0.632
0.547 0.583
0.548 0.676
0.549 0.687
0.55 0.671
0.551 0.676
0.552 0.671
0.553 0.696
0.554 0.64
0.555 0.687
0.556 0.714
0.557 0.663
0.558 0.65
0.559 0.71
0.56 0.685
0.561 0.702
0.562 0.661
0.563 0.681
0.564 0.664
0.565 0.687
0.566 0.654
0.567 0.705
0.568 0.712
0.569 0.706
0.57 0.683
0.571 0.686
0.572 0.731
0.573 0.667
0.574 0.688
0.575 0.715
0.576 0.694
0.577 0.726
0.578 0.694
0.579 0.689
0.58 0.722
0.581 0.719
0.582 0.753
0.583 0.745
0.584 0.701
0.585 0.698
0.586 0.708
0.587 0.686
0.588 0.728
0.589 0.751
0.59 0.717
0.591 0.741
0.592 0.712
0.593 0.718
0.594 0.75
0.595 0.75
0.596 0.742
0.597 0.726
0.598 0.73
0.599 0.767
0.6 0.765
0.601 0.786
0.602 0.743
0.603 0.766
0.604 0.773
0.605 0.729
0.606 0.766
0.607 0.688
0.608 0.774
0.609 0.689
0.61 0.8
0.611 0.766
0.612 0.739
0.613 0.777
0.614 0.788
0.615 0.782
0.616 0.779
0.617 0.777
0.618 0.821
0.619 0.835
0.62 0.759
0.621 0.759
0.622 0.788
0.623 0.823
0.624 0.798
0.625 0.827
0.626 0.779
0.627 0.769
0.628 0.764
0.629 0.806
0.63 0.815
0.631 0.732
0.632 0.836
0.633 0.754
0.634 0.787
0.635 0.791
0.636 0.801
0.637 0.839
0.638 0.789
0.639 0.841
0.64 0.837
0.641 0.841
0.642 0.826
0.643 0.837
0.644 0.843
0.645 0.847
0.646 0.82
0.647 0.879
0.648 0.832
0.649 0.81
0.65 0.889
0.651 0.859
0.652 0.768
0.653 0.874
0.654 0.887
0.655 0.872
0.656 0.852
0.657 0.872
0.658 0.914
0.659 0.845
0.66 0.868
0.661 0.882
0.662 0.871
0.663 0.844
0.664 0.888
0.665 0.912
0.666 0.889
0.667 0.889
0.668 0.88
0.669 0.866
0.67 0.916
0.671 0.887
0.672 0.902
0.673 0.963
0.674 0.919
0.675 0.903
0.676 0.918
0.677 0.926
0.678 0.962
0.679 0.932
0.68 0.931
0.681 0.915
0.682 0.987
0.683 0.961
0.684 0.91
0.685 0.939
0.686 0.933
0.687 0.946
0.688 0.982
0.689 0.969
0.69 0.963
0.691 1.01
0.692 0.947
0.693 0.997
0.694 0.979
0.695 0.97
0.696 0.988
0.697 0.956
0.698 0.928
0.699 1
0.7 0.949
0.701 0.909
0.702 1.037
0.703 0.954
0.704 1.007
0.705 0.985
0.706 0.979
0.707 0.971
0.708 0.983
0.709 0.947
0.71 1.017
0.711 1.018
0.712 1.035
0.713 1.008
0.714 1.048
0.715 1.011
0.716 1.042
0.717 1.02
0.718 1.024
0.719 1.062
0.72 1.039
0.721 1.115
0.722 1.074
0.723 1.067
0.724 1.083
0.725 1.049
0.726 1.016
0.727 1.051
0.728 1.067
0.729 1.106
0.73 1.055
0.731 1.048
0.732 1.061
0.733 1.047
0.734 1.061
0.735 1.104
0.736 1.078
0.737 1.134
0.738 1.086
0.739 1.07
0.74 1.059
0.741 1.124
0.742 1.168
0.743 1.084
0.744 1.058
0.745 1.101
0.746 1.087
0.747 1.161
0.748 1.17
0.749 1.148
0.75 1.102
0.751 1.142
0.752 1.088
0.753 1.103
0.754 1.145
0.755 1.198
0.756 1.223
0.757 1.079
0.758 1.19
0.759 1.187
0.76 1.204
0.761 1.186
0.762 1.181
0.763 1.174
0.764 1.158
0.765 1.234
0.766 1.22
0.767 1.186
0.768 1.228
0.769 1.14
0.77 1.141
0.771 1.195
0.772 1.293
0.773 1.19
0.774 1.22
0.775 1.193
0.776 1.22
0.777 1.239
0.778 1.198
0.779 1.285
0.78 1.237
0.781 1.228
0.782 1.303
0.783 1.362
0.784 1.237
0.785 1.284
0.786 1.366
0.787 1.262
0.788 1.297
0.789 1.267
0.79 1.311
0.791 1.341
0.792 1.327
0.793 1.335
0.794 1.279
0.795 1.347
0.796 1.315
0.797 1.36
0.798 1.343
0.799 1.302
0.8 1.319
0.801 1.385
0.802 1.334
0.803 1.324
0.804 1.361
0.805 1.329
0.806 1.365
0.807 1.311
0.808 1.362
0.809 1.371
0.81 1.366
0.811 1.359
0.812 1.399
0.813 1.39
0.814 1.405
0.815 1.424
0.816 1.397
0.817 1.436
0.818 1.415
0.819 1.38
0.82 1.484
0.821 1.44
0.822 1.459
0.823 1.417
0.824 1.492
0.825 1.442
0.826 1.446
0.827 1.445
0.828 1.535
0.829 1.501
0.83 1.458
0.831 1.487
0.832 1.46
0.833 1.486
0.834 1.547
0.835 1.516
0.836 1.569
0.837 1.538
0.838 1.552
0.839 1.534
0.84 1.561
0.841 1.567
0.842 1.521
0.843 1.56
0.844 1.518
0.845 1.617
0.846 1.638
0.847 1.597
0.848 1.645
0.849 1.604
0.85 1.623
0.851 1.607
0.852 1.663
0.853 1.651
0.854 1.697
0.855 1.694
0.856 1.676
0.857 1.677
0.858 1.69
0.859 1.79
0.86 1.711
0.861 1.687
0.862 1.661
0.863 1.71
0.864 1.759
0.865 1.768
0.866 1.676
0.867 1.703
0.868 1.742
0.869 1.706
0.87 1.758
0.871 1.77
0.872 1.852
0.873 1.778
0.874 1.884
0.875 1.816
0.876 1.758
0.877 1.778
0.878 1.805
0.879 1.813
0.88 1.817
0.881 1.816
0.882 1.904
0.883 1.808
0.884 1.931
0.885 1.933
0.886 1.915
0.887 1.966
0.888 1.952
0.889 1.901
0.89 1.927
0.891 1.961
0.892 1.944
0.893 2.019
0.894 1.946
0.895 1.947
0.896 2.01
0.897 2.108
0.898 2.087
0.899 2.083
0.9 2.027
0.901 2.116
0.902 2.066
0.903 2.123
0.904 2.151
0.905 2.068
0.906 2.217
0.907 2.106
0.908 2.145
0.909 2.107
0.91 2.229
0.911 2.2
0.912 2.269
0.913 2.197
0.914 2.279
0.915 2.24
0.916 2.282
0.917 2.376
0.918 2.341
0.919 2.4
0.92 2.391
0.921 2.441
0.922 2.335
0.923 2.43
0.924 2.526
0.925 2.407
0.926 2.483
0.927 2.553
0.928 2.451
0.929 2.466
0.93 2.604
0.931 2.573
0.932 2.616
0.933 2.594
0.934 2.559
0.935 2.58
0.936 2.643
0.937 2.752
0.938 2.796
0.939 2.717
0.94 2.825
0.941 2.796
0.942 2.779
0.943 2.92
0.944 2.818
0.945 2.885
0.946 2.928
0.947 3.02
0.948 3.011
0.949 2.996
0.95 3.001
0.951 3.067
0.952 3.137
0.953 3.178
0.954 3.21
0.955 3.261
0.956 3.334
0.957 3.205
0.958 3.246
0.959 3.444
0.96 3.421
0.961 3.498
0.962 3.51
0.963 3.643
0.964 3.68
0.965 3.758
0.966 3.837
0.967 3.824
0.968 3.889
0.969 3.951
0.97 3.958
0.971 3.988
0.972 4.042
0.973 4.139
0.974 4.352
0.975 4.489
0.976 4.537
0.977 4.685
0.978 4.768
0.979 4.896
0.98 4.936
0.981 5.207
0.982 5.356
0.983 5.54
0.984 5.634
0.985 5.743
0.986 6.205
0.987 6.366
0.988 6.472
0.989 6.874
0.99 7.127
0.991 7.69
0.992 8.13
0.993 8.564
0.994 9.606
0.995 10.637
0.996 11.912
0.997 14.326
0.998 18.584
